923183936877
923113688743
923103153954
923195736839
923197905509
923195736851
923702005638
923195736828
923708255157
923212057982
923708664944
923103123471
923173811073
923203643906
923222001157
923141302190
923233992497
923197905409
923142881694
923128835297
923103070513
923192435691
923463355427
923168101970
923192944696
923033153746
923059813542
923147101579
923079284608
923242269678
923243561164
923298957244
923272173806
923170369848
923198119452
923242128627
923362536080
923401856326
923701099896
923307084231
923279210752
923282820457
923283439246
923195736948
923283588204
923195736951
923183936860
923195736854
923158642671
923173921489
923142881812
923158983413